420
421
420
416
411
410
410
405
399
397
397
392
384
382
383
377
369
365
365
359
349
342
343
337
329
321
318
316
309
301
300
296
287
280
273
269
262
255
249
242
238
233
223
219
211
211
206
198
189
183
183
175
166
160
156
149
144
138
134
131
122
114
112
113
104
95
93
87
84
79
80
75
71
65
60
58
56
51
54
50
47
43
41
37
35
33
35
34
34
35
32
30
29
28
29
31
33
34
35
35
36
35
36
39
45
48
50
53
56
57
57
60
67
72
75
79
84
87
87
94
101
104
112
115
120
124
128
133
140
142
148
155
166
170
172
181
190
196
196
203
216
221
223
230
238
246
250
253
264
272
275
275
284
292
297
301
305
313
320
324
327
337
342
347
351
353
361
364
366
369
372
380
384
384
390
397
401
401
404
408
410
413
414
416
416
413
407
394
402
402
398
398
397
402
396
401
397
394
396
391
389
404
406
404
407
411
409
405
401
398
393
381
377
378
373
366
361
362
360
352
344
340
339
332
322
319
310
305
296
294
292
288
279
272
270
269
258
250
247
242
236
232
230
222
215
206
203
196
189
182
175
173
167
160
154
149
146
138
131
126
122
118
112
107
102
98
95
90
82
79
76
73
68
67
65
60
54
51
48
48
44
44
43
40
35
34
33
34
36
33
33
29
28
28
31
32
35
34
34
35
36
36
37
41
42
48
50
51
54
54
56
60
66
72
76
79
82
85
85
91
98
105
109
113
118
126
130
135
140
145
155
156
160
168
175
180
187
191
201
204
209
216
224
229
234
239
248
253
259
264
269
277
281
285
291
297
302
306
310
316
322
325
327
328
338
341
348
360
363
366
370
375
379
379
383
388
389
389
391
397
400
400
403
408
410
410
410
409
410
409
407
406
402
401
396
403
412
415
414
415
