420
420
421
418
412
408
409
407
401
397
395
393
387
381
379
376
374
367
361
356
352
346
341
334
329
325
319
312
309
305
301
291
284
281
278
268
259
256
253
247
236
231
229
222
216
210
205
196
189
183
182
173
164
159
159
152
141
138
136
130
122
114
115
112
102
97
92
88
85
81
79
76
69
66
60
58
56
51
54
49
47
43
40
37
34
33
35
33
36
33
33
32
31
30
27
29
31
34
37
36
37
36
37
39
44
46
51
53
57
56
58
60
64
70
75
78
85
88
89
91
99
106
111
115
119
123
132
134
137
143
152
158
164
167
175
182
188
192
198
208
214
216
224
232
237
242
248
258
265
267
273
281
286
288
293
304
309
312
316
326
332
333
337
346
351
356
358
362
366
368
369
375
385
387
387
393
400
402
402
407
414
413
410
411
415
415
414
416
423
422
419
418
420
422
420
418
420
420
418
415
412
413
410
405
409
411
412
408
401
398
398
393
384
377
377
373
367
363
360
361
352
343
338
334
328
323
318
314
306
299
296
290
284
279
275
265
260
257
253
244
237
233
230
224
213
207
205
199
191
181
180
177
167
158
156
153
146
138
132
129
123
118
112
109
104
97
94
87
83
81
77
77
72
68
65
58
53
49
49
49
45
44
44
42
40
37
35
30
31
29
29
31
31
33
33
32
32
32
30
33
34
36
40
44
47
47
48
49
52
55
58
63
72
72
75
78
82
86
87
95
99
106
110
113
119
127
131
137
140
146
156
159
164
168
174
182
189
192
200
208
214
216
223
233
239
240
248
253
264
268
272
280
286
288
291
300
309
309
313
320
327
331
332
340
350
354
353
360
368
374
375
377
383
388
389
387
392
399
399
399
403
411
411
412
414
417
420
422
421
423
425
421
413
405
410
419
420
419
420
422
