407
403
406
403
405
410
402
402
402
393
394
381
375
375
368
364
365
358
357
352
344
344
338
329
326
320
314
308
302
299
289
289
284
277
274
263
262
255
248
245
239
233
227
217
219
208
201
196
186
186
180
169
170
160
157
151
142
145
135
126
125
114
112
106
99
101
93
84
87
80
77
74
66
68
62
57
57
51
54
45
42
44
38
38
36
32
33
29
35
30
29
30
25
25
29
24
27
30
28
35
31
31
37
35
41
41
40
47
45
50
53
54
63
59
67
73
73
79
84
86
94
96
98
108
108
114
122
125
130
139
140
149
153
152
163
170
174
187
189
197
205
205
213
222
221
231
239
244
253
255
261
270
267
278
282
286
294
295
305
307
315
315
324
326
334
340
341
352
350
355
363
367
377
375
377
385
381
385
388
387
395
392
397
401
401
407
406
412
412
412
415
412
414
402
400
403
401
409
408
410
414
409
410
410
404
405
401
395
399
390
390
382
379
379
371
370
368
360
360
352
346
344
336
333
323
322
317
310
307
300
297
288
288
278
274
267
259
258
249
242
240
229
228
219
213
210
199
200
190
184
182
169
171
162
154
151
144
138
136
122
125
119
111
107
100
103
94
88
87
79
78
70
74
65
62
58
54
55
50
43
46
38
42
35
37
35
30
32
27
33
25
30
28
25
30
26
33
26
30
32
30
34
32
37
40
37
46
44
47
51
52
60
58
67
62
72
73
75
82
83
94
93
102
106
109
119
117
127
131
133
142
144
152
158
161
171
174
178
187
191
202
205
213
223
224
234
238
246
251
253
263
268
270
279
281
292
289
300
301
309
314
317
324
333
339
341
353
358
359
365
361
367
368
369
377
381
387
395
394
400
400
406
406
412
413
411
412
407
413
410
411
414
410
413
412
410
414
408
410
408
