421
412
415
413
416
420
413
416
409
407
402
390
388
379
379
375
368
372
364
361
356
351
350
337
335
327
323
317
307
308
299
295
290
283
282
270
271
261
258
250
240
241
232
224
222
212
210
199
197
191
180
179
171
167
165
150
151
143
138
133
124
123
116
110
109
98
99
91
85
86
80
76
70
70
65
56
59
55
51
52
45
45
44
36
40
37
33
35
30
32
30
30
30
31
32
27
32
31
29
34
34
34
38
40
41
46
44
50
50
50
57
59
64
64
71
74
74
83
85
89
96
98
102
115
112
120
126
126
138
139
146
153
155
163
168
176
185
185
196
201
208
215
214
230
229
238
244
250
260
261
269
275
275
285
287
296
301
304
312
315
321
330
331
338
344
346
354
355
361
369
369
382
380
387
391
388
395
393
396
403
400
406
407
408
415
413
418
421
419
425
423
424
425
412
413
412
412
420
415
424
421
419
422
419
419
416
409
411
404
399
401
391
392
386
382
382
375
372
370
357
359
349
347
343
334
332
325
316
319
307
306
298
292
290
277
275
267
263
261
247
247
238
233
226
217
217
210
200
200
187
187
177
174
168
160
157
148
145
138
130
129
120
118
109
109
103
93
94
86
85
83
72
74
69
63
61
56
57
50
51
48
41
45
38
36
39
35
32
37
29
30
33
29
30
30
29
31
30
33
33
35
38
33
39
43
39
44
48
47
55
54
60
66
65
68
75
74
80
86
86
96
96
105
108
115
122
119
133
132
139
147
149
157
160
168
176
176
185
191
200
208
209
220
226
234
242
243
254
255
264
269
271
282
283
292
301
297
306
307
314
324
324
333
341
342
356
359
367
371
368
377
373
379
381
383
396
397
402
408
408
414
413
418
423
419
426
421
422
423
419
424
421
424
426
422
424
421
421
423
416
