415
412
410
413
415
411
411
412
404
406
394
390
382
377
377
371
372
364
364
358
352
350
341
336
326
328
320
312
307
299
301
290
291
280
277
271
263
262
251
247
239
236
230
221
221
208
209
197
193
189
179
177
165
167
160
151
149
140
137
125
126
117
114
107
104
101
93
91
86
82
80
71
73
67
62
60
53
53
48
45
47
44
39
39
32
37
32
31
29
27
32
28
25
27
29
26
32
30
28
32
29
33
34
36
37
40
45
46
47
54
54
55
63
62
69
70
78
78
85
84
96
92
105
107
112
118
123
131
132
141
143
153
153
160
166
174
182
183
195
201
204
215
219
221
229
238
242
250
255
262
266
271
280
277
289
293
297
305
306
317
315
329
330
337
342
344
352
352
362
364
371
377
378
385
384
391
392
392
396
397
402
398
408
408
409
415
413
421
415
422
423
421
422
410
411
410
414
415
415
421
418
424
414
419
417
412
413
406
408
398
397
394
387
388
379
380
376
369
369
358
359
350
346
342
333
333
323
317
315
308
306
295
294
285
281
273
265
264
256
248
245
236
236
223
219
216
208
203
193
194
185
175
174
164
164
149
151
144
136
133
125
118
117
113
103
101
100
90
88
85
79
76
69
70
64
57
60
52
54
45
45
47
41
37
40
37
34
34
30
33
27
32
27
28
32
27
34
29
30
34
30
33
36
36
42
38
47
47
46
53
56
60
64
64
70
73
77
75
84
89
88
100
103
109
116
116
125
127
136
135
142
150
154
162
165
176
174
188
189
200
206
210
219
223
235
236
247
253
256
263
265
277
275
289
290
297
299
302
311
314
323
324
334
338
344
353
358
367
367
373
371
377
375
381
384
393
399
399
408
407
413
414
417
422
420
425
420
422
420
420
422
420
425
420
423
422
420
423
416
419
