414
411
410
411
410
414
413
406
403
399
390
383
381
376
375
373
372
365
360
353
348
342
339
334
329
323
317
310
306
299
294
287
282
277
272
267
263
259
251
248
241
233
227
220
214
207
198
195
190
186
179
175
171
164
152
147
144
140
135
128
126
118
111
104
99
97
88
90
89
83
78
74
72
65
62
58
54
50
47
44
43
42
39
39
38
38
33
33
30
29
28
27
26
28
28
31
32
30
33
34
35
38
39
41
40
42
44
47
50
53
55
57
65
70
75
80
83
86
91
95
101
102
108
112
113
118
128
134
140
144
151
153
156
161
170
177
179
191
200
207
214
218
223
227
232
237
246
251
258
265
272
278
284
283
289
293
300
306
313
319
323
327
331
336
340
344
353
358
364
365
371
377
381
385
389
390
389
390
394
396
401
405
409
409
407
414
418
417
417
420
420
420
417
412
411
411
411
412
416
418
421
418
417
413
410
407
407
404
402
397
393
389
383
379
375
373
375
365
360
352
347
343
340
336
331
327
319
313
308
301
296
290
289
281
272
264
258
256
249
246
242
236
226
221
213
207
201
198
194
184
176
170
163
161
156
151
147
142
132
127
121
114
108
109
107
100
93
88
82
77
70
71
70
69
62
59
54
51
45
44
45
44
44
36
33
33
34
33
33
34
31
30
25
26
29
31
32
32
34
34
33
31
35
38
42
45
48
51
54
52
58
63
66
70
74
75
76
79
87
96
100
100
105
111
114
120
129
135
138
141
144
149
156
165
173
177
179
184
192
202
210
216
223
228
233
237
244
254
261
263
269
272
278
287
295
300
305
306
310
316
319
324
336
344
350
353
360
362
369
369
374
376
375
379
387
392
397
403
407
411
413
412
416
418
421
421
420
420
417
416
416
417
421
421
422
422
419
414
411
413
