405
403
402
398
400
402
394
392
389
385
380
376
376
375
370
368
365
359
351
345
342
338
331
326
324
318
311
309
303
296
290
282
278
268
263
260
255
249
241
237
232
228
219
213
210
207
199
193
189
179
173
167
162
155
149
141
137
131
125
119
117
114
108
102
98
95
88
88
81
72
68
64
61
56
53
48
45
46
46
44
42
37
34
32
30
27
27
24
20
25
25
26
25
25
28
28
28
29
29
32
35
33
36
34
35
39
43
41
42
49
55
58
62
66
70
71
75
81
83
85
90
96
102
109
114
115
122
128
133
139
142
148
158
163
173
178
183
187
193
199
204
212
217
223
234
239
246
251
251
258
266
269
274
280
287
296
302
306
311
315
320
324
330
336
339
341
348
351
354
360
367
372
381
381
383
384
388
388
391
394
394
397
400
403
405
406
409
412
418
419
417
415
408
400
399
405
408
411
413
415
411
413
407
406
404
405
401
399
394
388
384
380
377
374
371
374
367
361
359
353
347
342
335
330
322
315
310
306
303
298
291
290
282
274
266
258
253
250
244
236
231
227
220
217
210
205
198
189
184
177
170
168
163
156
147
139
136
130
125
121
118
112
108
102
99
93
85
82
78
73
69
67
62
59
58
55
51
47
43
40
37
36
31
33
32
31
31
32
32
28
26
24
22
23
23
20
26
25
28
29
31
33
36
36
38
40
42
45
49
52
54
56
59
62
66
68
70
74
80
82
88
96
104
108
110
115
121
125
130
139
146
152
156
163
168
174
178
184
192
193
201
209
216
220
228
238
246
256
256
264
269
272
277
283
290
292
297
304
312
318
321
326
328
334
339
347
353
359
366
372
374
375
376
377
379
380
384
387
393
398
399
403
408
407
411
415
416
415
418
414
414
414
415
411
411
412
412
410
410
412
