410
409
407
406
406
406
405
405
403
400
394
384
379
373
368
364
362
360
358
353
351
346
341
333
328
321
314
306
301
295
293
286
283
278
275
268
264
256
252
242
236
230
224
218
213
208
206
198
194
187
180
174
169
162
155
150
147
144
136
128
122
118
110
105
100
97
90
88
82
77
72
71
67
67
65
58
50
50
48
47
46
43
43
38
36
34
31
29
28
26
27
24
27
28
29
29
30
32
32
30
31
31
32
34
36
42
46
44
48
50
51
54
56
59
63
70
74
77
83
91
94
99
102
108
113
116
121
126
133
133
140
144
149
154
161
171
178
184
190
199
203
207
214
217
221
229
237
247
252
260
263
269
273
277
281
285
291
296
300
308
312
319
326
333
337
342
344
349
350
353
359
367
371
378
380
383
388
388
391
392
394
397
394
400
401
403
408
411
411
412
413
413
410
405
400
400
401
404
406
410
412
413
414
411
411
407
403
399
396
389
384
382
379
375
372
369
367
365
361
353
351
345
339
334
329
323
311
308
304
299
294
288
284
278
271
264
259
254
250
241
239
230
224
215
212
206
203
197
195
189
182
173
169
162
157
145
141
136
131
124
123
118
116
108
106
101
94
88
85
83
77
74
73
68
62
57
53
50
48
46
42
39
37
34
32
32
29
32
33
30
26
26
25
24
25
25
22
25
28
28
30
33
33
37
38
41
44
47
49
53
54
62
64
65
64
68
74
76
79
84
87
95
100
106
109
112
114
123
129
134
139
145
149
153
160
168
171
180
186
194
200
206
211
217
221
228
235
243
248
253
262
267
273
277
281
288
290
291
298
306
310
317
324
332
338
344
349
354
355
359
359
363
364
370
374
379
382
388
393
397
400
405
406
411
412
411
409
407
406
405
406
407
410
412
412
410
410
409
407
404
