408
411
407
408
414
411
405
404
403
395
383
380
381
377
370
366
364
362
354
353
346
346
333
329
325
322
315
305
301
295
294
288
282
277
273
267
256
255
247
247
237
230
220
222
215
204
199
194
184
184
179
173
163
160
150
152
146
140
127
123
123
115
110
106
102
96
88
87
84
80
73
72
67
64
62
57
57
51
45
44
42
44
42
39
36
34
31
33
26
32
30
24
29
30
27
30
34
32
29
29
31
32
35
38
37
41
49
50
48
53
57
65
68
65
70
75
81
84
89
91
95
100
103
117
114
120
131
132
140
146
147
157
160
168
172
177
188
192
198
201
211
218
224
225
236
244
246
259
252
256
262
275
273
281
291
296
305
310
311
315
318
329
331
336
339
344
350
350
362
366
372
376
384
384
387
387
389
386
389
397
390
397
405
393
405
403
411
411
415
413
414
412
409
406
405
408
414
414
414
416
413
415
415
416
412
401
400
398
391
393
389
383
384
376
371
369
367
358
359
349
349
340
336
336
331
320
315
310
307
304
291
292
285
280
266
267
256
250
246
239
238
226
223
218
210
207
206
199
187
187
172
169
165
155
150
145
143
132
123
125
118
113
110
106
98
98
83
84
80
80
73
73
70
63
62
54
51
48
49
49
42
38
36
33
35
28
33
28
32
25
23
26
23
28
26
26
27
30
29
30
39
30
37
38
40
41
42
45
45
55
56
57
61
64
68
67
78
81
86
84
93
93
105
108
117
119
124
126
139
139
144
147
154
163
175
177
180
185
193
199
208
211
221
226
232
237
246
245
258
256
268
272
276
283
287
297
297
302
311
311
320
323
326
334
340
352
358
361
367
371
374
378
374
375
386
386
390
391
393
400
402
406
407
418
414
418
422
416
418
412
411
412
414
418
419
416
413
415
412
410
