403
408
405
403
408
407
406
404
398
398
390
383
375
371
368
364
366
359
357
354
345
346
336
329
328
317
317
303
304
295
297
284
282
279
270
267
259
256
250
241
241
234
227
218
212
213
198
195
192
183
181
167
165
160
154
151
142
142
128
127
121
117
113
103
104
93
90
85
82
80
73
72
67
64
62
56
56
50
49
45
43
43
36
38
32
35
31
31
31
27
29
25
29
27
25
31
24
30
28
35
29
35
27
37
39
38
44
44
49
50
53
58
58
65
64
74
72
82
80
93
92
94
101
106
113
115
121
124
129
138
138
146
150
155
165
171
179
181
188
199
199
209
211
218
221
230
241
246
255
255
263
271
273
280
284
292
290
302
306
311
317
321
328
333
341
339
347
352
354
363
364
376
375
378
384
383
389
386
394
393
395
401
399
407
405
407
412
414
418
415
417
419
413
409
402
408
405
409
413
414
418
412
414
414
410
411
404
405
395
398
392
386
386
379
380
371
374
364
365
354
350
344
341
339
327
328
315
314
307
306
298
295
284
287
276
269
265
256
252
241
243
234
226
223
212
209
202
197
194
185
184
171
168
162
157
151
144
144
132
127
123
117
116
105
107
100
93
90
83
85
74
74
71
64
65
55
58
51
51
45
47
42
38
39
34
37
29
32
31
28
31
27
29
23
30
26
27
27
29
33
28
35
32
39
38
39
43
44
51
50
54
60
58
67
64
72
69
79
78
92
91
95
103
107
115
117
121
128
128
140
140
148
154
155
165
169
174
183
185
196
202
206
217
223
227
238
239
254
254
256
266
271
277
279
288
293
293
302
302
311
316
322
329
333
344
346
354
364
362
369
368
369
373
376
381
387
395
393
403
403
407
410
412
419
418
416
417
413
418
411
416
419
414
419
416
422
417
414
415
410
