401
409
404
402
408
404
407
401
402
395
390
382
375
373
365
369
361
360
357
351
349
339
341
328
325
320
313
308
299
299
291
291
280
278
272
263
263
251
254
239
236
233
226
221
210
210
200
194
190
182
180
169
167
158
156
149
142
141
131
130
118
118
112
103
104
93
95
84
83
81
76
72
66
66
59
58
54
52
48
47
41
42
38
37
32
34
29
30
27
29
27
27
26
26
27
24
28
25
30
26
32
30
34
33
37
40
39
47
44
51
51
58
56
64
64
72
70
79
78
91
90
95
102
104
111
110
122
125
130
136
139
150
149
158
158
171
176
180
191
193
205
204
213
220
223
231
235
245
248
258
260
269
271
275
281
284
294
295
304
309
313
319
322
331
334
339
344
347
354
354
364
367
374
375
379
382
381
388
385
393
392
396
398
397
406
401
407
410
409
416
411
415
411
403
401
401
407
403
408
412
410
415
409
408
409
403
403
396
398
392
387
385
379
380
370
371
365
361
359
349
349
339
342
329
326
321
316
310
304
305
294
289
286
277
275
262
264
250
252
241
236
233
224
219
210
213
202
195
191
183
181
168
171
160
155
151
141
143
128
127
122
116
113
104
104
94
96
86
88
77
78
66
71
64
60
56
53
50
49
43
41
43
38
34
33
32
32
28
30
26
28
26
27
24
28
24
29
24
31
28
28
33
30
37
33
40
37
47
44
51
48
62
56
61
65
69
70
72
82
85
90
92
98
106
108
116
116
128
123
132
138
145
151
152
165
163
175
177
185
194
196
209
208
220
226
230
239
242
254
254
260
267
270
279
281
292
289
297
301
304
316
313
327
331
336
345
347
358
359
364
364
364
369
369
376
382
390
393
396
401
400
408
406
414
410
413
413
409
413
408
413
410
413
412
413
413
409
413
408
409
