410
405
409
408
407
412
406
405
401
399
392
385
376
375
372
367
367
361
356
356
347
343
341
328
328
320
313
311
302
301
295
286
287
278
272
270
260
257
253
241
241
235
226
221
213
212
203
194
194
184
184
169
171
160
158
149
148
146
133
129
122
117
115
106
105
101
93
91
84
86
76
77
67
69
64
57
58
55
52
45
47
41
44
36
39
33
36
32
30
31
32
29
31
30
29
29
29
32
32
35
32
37
34
41
35
46
42
49
48
52
54
58
66
64
73
74
80
78
88
86
98
95
105
109
114
118
123
131
135
141
145
152
155
163
164
176
178
185
197
198
206
210
214
224
228
231
244
247
256
261
264
272
274
279
286
289
297
302
305
314
314
321
328
331
339
341
343
353
352
363
363
375
374
380
379
385
387
383
391
391
391
399
397
402
406
401
410
397
409
414
414
415
413
402
402
404
402
408
405
412
411
404
412
407
401
403
398
395
391
387
387
380
375
374
371
365
369
361
356
351
342
337
332
328
329
318
311
303
303
298
299
286
286
280
271
268
261
252
244
238
228
232
224
216
215
204
203
192
185
187
176
173
163
160
157
149
142
141
134
124
126
117
115
110
101
101
93
88
84
80
75
70
68
66
60
60
52
56
47
52
42
44
39
38
38
37
34
30
37
28
32
27
34
25
31
25
35
27
34
32
31
35
33
42
37
44
42
50
47
53
51
61
58
65
68
72
75
78
81
87
92
96
102
110
110
120
121
128
130
137
138
149
150
159
167
169
177
179
188
199
198
209
214
220
233
233
242
249
251
260
263
272
274
278
287
289
296
296
298
314
313
320
328
334
342
344
353
361
358
364
363
370
366
376
375
387
386
395
399
399
406
405
411
413
409
416
410
411
414
408
413
412
415
417
413
416
412
412
411
405
