409
407
403
401
402
404
401
398
395
387
380
375
374
373
369
366
364
362
354
347
341
338
332
325
322
318
311
299
296
292
287
288
283
276
269
263
256
248
240
236
236
228
221
215
210
203
194
187
182
176
169
164
161
158
150
145
140
132
123
115
112
108
102
99
97
92
86
80
76
74
68
64
60
56
52
52
46
42
42
41
39
36
33
32
28
27
24
26
23
21
20
20
17
21
19
20
26
24
27
30
30
32
33
39
34
38
39
42
42
45
49
52
56
63
68
72
78
80
84
87
91
95
101
105
111
115
123
128
135
141
147
152
156
162
170
176
182
189
194
197
204
211
217
223
230
240
247
252
258
263
268
272
275
281
285
289
296
304
311
313
321
327
332
333
339
344
348
353
359
367
371
376
379
381
382
381
385
388
393
400
401
404
405
407
409
411
414
415
414
414
416
413
408
402
406
406
407
412
410
413
413
415
413
410
412
407
400
399
396
392
384
380
378
375
368
366
362
358
354
348
344
341
334
330
323
317
311
307
302
298
291
287
285
277
268
264
255
250
243
237
234
227
219
213
208
203
194
187
182
177
169
160
161
155
149
144
138
132
128
124
116
113
107
100
98
91
85
82
81
74
68
59
64
59
57
50
46
44
43
41
40
36
33
30
26
30
30
30
23
20
23
24
25
25
28
28
26
26
24
24
24
30
33
36
39
38
38
40
43
50
56
60
61
61
64
66
69
77
83
92
90
97
98
107
110
116
122
128
133
137
145
150
155
162
166
171
180
186
191
196
205
211
218
224
229
236
243
249
251
261
269
275
281
286
295
299
302
304
313
318
319
322
328
335
342
349
357
359
365
369
373
376
379
380
383
388
390
391
392
395
398
402
407
408
412
414
416
415
412
411
412
411
413
417
418
417
418
415
414
413
