409
408
409
412
413
414
413
408
401
397
387
379
376
371
372
370
364
361
357
354
349
344
337
331
324
320
311
306
301
295
292
289
286
277
269
264
259
254
246
240
234
231
225
220
214
206
201
196
191
184
177
174
169
161
157
154
146
136
129
124
120
115
107
104
101
99
90
84
81
83
74
69
69
65
59
58
56
52
45
48
48
39
40
41
40
38
32
29
30
31
30
32
30
30
28
25
32
32
35
34
38
39
37
36
43
45
48
49
52
55
57
64
69
74
74
75
78
82
92
96
100
106
108
112
115
122
126
130
135
140
149
156
162
166
175
181
187
192
197
207
211
218
225
230
234
241
250
253
258
266
272
276
282
286
291
297
302
308
315
320
325
330
338
343
346
350
352
356
360
365
372
375
380
382
384
385
392
396
397
402
401
403
404
407
409
413
412
413
415
419
416
413
408
408
410
412
414
416
417
416
415
414
415
416
414
411
408
405
398
393
386
385
385
379
378
377
368
364
356
351
345
341
336
331
325
322
315
310
308
302
292
288
283
276
270
264
261
253
246
243
239
232
225
218
212
207
197
196
191
184
177
168
168
161
156
148
146
136
128
121
115
115
112
107
105
96
89
82
86
81
73
70
62
65
62
56
54
55
45
42
47
40
37
39
37
33
29
32
34
34
29
24
32
29
28
26
26
24
34
36
36
36
37
35
43
47
44
46
50
55
62
61
65
65
73
76
81
83
86
93
98
104
112
114
118
122
129
131
133
137
146
155
161
167
173
176
180
188
193
203
209
216
224
229
237
244
251
260
261
265
270
274
277
283
293
299
303
307
313
322
325
330
339
347
352
355
359
363
366
369
373
375
379
385
390
397
401
405
407
411
412
418
417
416
415
416
416
412
414
418
419
420
420
420
420
420
419
417
416
410
