408
410
406
411
412
410
405
407
399
393
386
378
370
373
371
370
366
364
358
347
343
340
336
327
324
315
311
306
298
296
289
289
281
272
271
259
259
252
244
242
236
227
220
217
209
204
200
193
184
181
171
173
161
158
153
144
142
133
128
125
116
111
112
105
105
98
90
83
86
78
77
68
67
64
62
54
53
51
51
48
46
40
38
36
32
34
35
36
32
28
31
26
26
25
29
27
25
30
31
34
34
33
37
40
41
45
47
42
49
55
54
61
62
64
74
73
80
83
92
95
92
104
110
112
118
119
130
137
139
143
149
156
159
162
168
180
182
191
195
209
206
215
219
227
234
240
246
252
258
262
270
272
278
283
288
290
301
305
308
312
318
324
332
341
339
347
353
353
357
365
373
377
380
382
386
391
386
393
395
392
398
400
407
405
407
411
412
413
418
416
420
414
411
401
407
403
412
412
413
415
417
416
409
414
405
407
404
400
394
390
385
382
380
373
366
361
365
357
352
346
340
336
335
323
323
316
307
308
302
295
289
284
281
279
270
259
259
250
242
243
234
227
223
210
211
203
192
190
188
175
176
164
165
152
146
144
142
130
128
122
116
115
102
107
96
94
92
86
82
74
67
65
63
66
58
52
50
48
43
43
36
40
35
36
38
32
32
25
27
29
29
26
28
30
25
26
22
29
31
27
27
32
40
39
42
39
40
52
50
52
55
56
64
65
67
70
73
76
85
90
96
98
106
110
112
115
124
129
134
139
146
152
153
157
166
166
172
186
194
199
205
210
216
222
231
239
242
245
256
262
266
273
276
280
285
289
292
298
302
315
318
324
335
340
346
351
357
361
363
370
370
369
374
378
380
391
395
400
402
398
402
408
411
414
419
417
416
415
412
414
416
418
413
420
418
416
412
412
411
411
