422
421
417
416
414
408
408
405
399
397
396
389
385
384
378
375
372
364
363
357
348
344
342
334
328
325
316
313
310
301
299
294
283
279
274
271
262
256
250
247
237
230
229
221
211
210
204
195
192
185
177
177
165
159
158
150
142
138
135
128
121
118
112
108
104
96
93
90
85
80
76
73
71
67
62
56
54
56
52
49
44
43
44
42
38
35
35
37
34
32
30
29
31
33
31
27
30
33
37
36
35
36
40
43
44
44
46
51
57
58
56
61
69
73
72
76
83
88
91
94
98
104
112
113
119
128
127
131
141
144
148
157
164
169
176
181
186
196
200
203
214
218
221
231
238
242
249
256
260
269
274
275
285
292
295
298
307
315
320
324
328
335
340
341
350
355
353
361
366
366
370
378
382
383
390
393
396
404
405
406
411
411
409
413
414
412
414
418
419
422
422
418
421
421
418
421
421
417
417
417
414
409
411
408
407
413
408
405
406
398
395
393
384
378
378
373
367
360
360
356
351
344
338
335
326
321
320
312
305
301
294
291
284
276
273
271
260
254
253
244
237
235
227
223
217
208
205
200
189
185
181
173
167
163
157
151
146
139
132
132
123
114
115
111
101
96
96
92
85
77
77
77
70
67
61
58
56
54
52
46
44
44
44
40
35
35
37
35
34
30
31
34
33
30
28
29
33
35
34
32
35
37
41
42
43
44
49
54
56
55
57
63
69
71
72
74
82
88
92
95
98
105
110
113
119
128
128
133
145
146
149
160
162
169
177
180
187
193
200
210
215
218
222
232
237
243
251
253
261
271
271
275
286
288
292
300
306
309
316
319
324
332
334
340
350
351
355
365
363
370
377
378
381
387
387
388
393
395
396
403
404
407
410
407
414
417
415
420
421
421
423
419
409
408
408
414
421
421
418
419
