416
413
410
412
412
411
406
400
399
395
388
381
383
381
377
370
373
365
357
356
354
346
337
336
324
320
315
313
304
299
298
292
283
280
274
265
262
260
249
242
243
233
224
220
217
207
202
202
193
181
176
178
168
162
153
153
143
138
136
128
120
118
111
104
101
100
93
83
82
78
78
74
68
65
59
57
60
54
49
41
43
41
40
43
38
35
33
29
30
35
32
32
27
27
30
36
32
31
30
29
33
36
40
45
44
45
44
48
56
57
57
56
62
70
75
80
84
86
87
89
94
101
112
116
118
123
131
140
141
142
148
155
163
168
172
178
185
196
201
204
211
219
228
231
233
246
251
252
260
269
271
274
281
290
291
297
306
310
314
324
327
328
335
344
349
350
357
361
365
370
378
380
382
387
392
393
391
397
402
403
403
410
412
410
413
416
421
419
420
426
424
418
416
408
406
410
413
420
421
420
426
423
421
415
414
413
409
405
400
401
395
387
385
385
381
374
373
372
365
358
350
348
345
337
328
326
320
311
309
304
301
291
286
283
277
270
260
257
251
246
237
231
229
222
212
206
201
202
195
186
174
171
168
166
155
145
141
141
133
124
124
119
113
102
102
100
92
88
81
77
75
72
72
67
63
60
58
53
48
47
45
40
37
36
32
32
32
38
35
35
30
30
29
24
27
29
30
32
36
38
37
40
40
41
40
44
45
48
56
59
62
63
60
68
71
76
82
86
91
93
93
100
107
115
115
122
131
134
132
143
150
150
160
168
174
179
182
193
201
206
211
217
226
237
240
242
249
261
264
264
272
281
282
289
299
306
306
309
319
323
328
330
341
346
348
357
362
370
368
375
383
383
380
385
389
388
393
398
402
403
402
413
417
416
420
426
424
420
421
421
422
417
421
426
425
420
424
422
420
413
