425
422
422
421
420
415
411
409
407
405
399
394
389
384
383
379
379
373
366
360
354
350
346
337
333
330
323
317
310
311
305
294
286
283
280
272
261
258
256
248
237
233
231
225
215
209
205
201
193
185
180
175
170
164
156
150
146
141
136
128
123
120
115
106
102
100
98
91
85
78
76
73
69
66
65
62
58
54
51
43
43
42
40
40
40
39
38
35
31
30
28
30
31
34
33
33
33
32
29
34
35
38
41
43
46
47
49
49
52
56
60
66
70
72
73
72
82
88
91
98
101
107
108
115
124
125
126
133
142
146
148
158
169
173
172
182
193
198
199
205
215
219
226
233
240
249
251
258
267
273
277
279
287
295
301
305
311
317
325
329
333
337
343
351
355
356
362
368
371
372
375
382
389
392
389
395
407
407
409
410
416
418
416
416
419
421
423
423
425
430
427
423
423
427
428
426
422
424
424
423
419
414
411
407
411
412
413
413
406
401
399
397
392
384
379
378
374
370
363
358
354
350
343
335
331
329
322
314
309
305
301
291
285
281
280
272
260
256
258
249
239
233
231
227
217
209
207
202
194
184
179
176
170
163
156
152
148
140
132
128
123
119
117
112
105
100
95
92
84
78
75
75
70
67
65
61
56
53
48
46
43
44
42
42
39
37
34
32
30
30
30
32
32
32
33
32
32
32
32
32
35
37
39
46
45
48
48
50
53
56
57
61
68
73
76
81
86
88
88
94
102
107
112
115
120
126
130
137
146
151
156
160
161
170
176
185
191
195
201
210
217
220
223
233
241
247
249
257
269
270
271
280
291
295
297
300
310
315
317
321
329
335
338
343
349
356
362
367
370
373
379
383
387
386
391
395
398
397
398
404
410
411
411
413
419
423
424
426
427
426
427
422
413
411
415
420
420
423
425
426
