416
414
412
411
414
413
412
408
408
402
392
385
377
375
370
366
364
362
360
359
352
344
336
329
325
320
313
312
305
300
292
285
281
276
274
269
263
257
248
239
236
231
223
218
215
209
203
197
192
183
177
167
165
159
152
148
148
140
133
129
123
116
104
100
99
95
89
86
81
77
73
68
66
67
62
59
57
54
51
50
47
44
42
39
38
37
35
34
32
32
33
33
31
30
33
33
34
33
32
36
37
38
43
43
44
44
49
51
53
56
60
64
67
69
76
79
84
87
90
93
97
101
110
117
120
125
130
130
138
144
151
160
162
168
176
182
186
190
199
205
211
221
225
230
232
241
248
255
263
268
274
279
280
286
291
301
304
311
317
320
322
330
338
338
344
350
356
362
366
370
375
378
381
385
389
390
396
396
400
401
402
401
406
407
409
414
420
421
421
422
421
418
412
409
410
411
417
419
420
415
418
417
418
417
415
412
409
406
401
396
389
385
384
385
379
375
371
366
357
353
349
350
342
337
329
321
315
309
304
300
296
291
289
279
274
269
263
252
247
239
236
230
225
223
217
207
200
190
188
181
175
171
166
161
158
153
145
137
129
123
117
114
108
105
102
101
95
91
88
83
73
69
66
61
55
59
54
52
48
47
46
43
42
42
40
39
36
31
30
30
30
27
27
27
27
31
33
34
34
34
37
37
41
41
44
45
49
51
55
58
61
66
68
69
72
76
80
82
86
91
96
99
107
112
117
123
128
136
140
144
148
155
159
166
173
173
181
188
195
203
209
214
222
229
235
242
254
260
264
269
275
279
284
289
296
300
302
305
310
314
321
329
337
344
352
357
365
372
372
373
375
376
375
380
389
394
399
403
409
412
412
417
417
417
419
421
418
418
418
419
421
425
424
424
422
421
415
416
413
411
