424
423
424
422
417
414
413
410
406
400
400
400
392
384
384
380
378
371
366
362
354
352
347
342
334
328
321
318
313
309
301
296
291
285
276
269
268
260
251
246
241
237
229
221
217
213
207
198
190
190
182
173
168
164
160
146
143
142
137
129
121
118
117
110
100
100
97
91
85
81
76
72
67
66
63
62
58
54
52
48
44
41
40
40
36
38
37
34
32
32
28
27
28
31
29
32
34
34
36
35
37
37
37
39
42
47
49
54
56
59
60
58
66
69
74
77
86
88
90
95
98
105
110
117
122
124
130
136
142
144
149
158
169
173
174
182
192
196
199
208
217
222
224
232
242
249
254
260
265
270
275
285
291
293
297
306
314
316
320
330
337
338
342
349
355
359
359
365
371
373
375
381
389
391
391
398
403
406
406
411
418
417
413
416
420
421
420
424
429
427
423
425
428
427
424
426
426
423
422
421
422
418
410
411
417
415
414
410
406
401
398
397
392
386
379
375
375
370
363
360
355
350
342
336
334
326
317
315
312
305
298
292
289
282
276
273
265
259
252
247
243
235
228
224
219
213
205
199
195
186
180
174
171
165
158
152
146
142
136
128
123
120
115
107
103
100
95
87
82
79
79
77
72
68
64
58
54
51
52
50
47
43
39
38
37
36
37
35
34
30
29
29
31
33
32
32
33
33
31
34
37
38
41
43
44
45
45
49
56
61
60
63
65
70
73
77
86
90
91
93
99
105
113
115
122
128
133
137
141
150
156
160
166
170
173
181
191
200
198
207
219
223
224
232
242
247
251
258
267
270
273
282
290
290
296
305
310
313
318
325
329
332
340
345
350
358
362
366
370
376
381
383
386
392
394
393
396
403
402
404
411
415
411
417
421
422
421
426
428
426
425
427
418
412
415
418
422
426
427
427
