407
407
403
403
402
399
396
394
391
385
382
380
377
374
372
367
361
356
350
343
342
337
329
324
320
315
308
308
301
295
290
285
278
270
264
260
254
250
244
239
231
227
219
209
205
198
192
186
181
176
167
163
158
154
144
139
135
129
121
117
112
107
104
99
94
88
84
80
76
73
67
64
58
54
51
49
50
46
44
43
39
33
32
27
30
30
28
28
27
30
25
25
24
22
22
23
24
24
24
23
27
32
35
36
39
40
45
50
52
53
53
56
64
67
69
76
79
84
86
86
91
95
103
111
111
116
123
129
134
140
146
155
158
164
172
179
186
190
200
204
211
216
222
227
235
241
250
254
259
263
271
274
277
279
288
292
298
304
310
315
323
329
336
339
342
347
351
352
359
363
371
379
383
387
387
389
388
390
394
396
400
405
407
408
414
416
417
418
418
420
418
415
409
405
406
413
414
415
417
417
418
415
415
414
414
411
406
402
396
392
386
384
382
379
379
376
370
365
358
350
346
340
336
330
326
321
314
310
309
303
297
290
285
279
272
266
258
251
243
238
235
228
222
216
210
205
200
193
190
183
178
174
167
165
152
146
144
139
131
126
121
114
108
104
99
93
85
81
80
80
74
72
69
67
58
54
51
48
45
46
44
40
42
40
38
40
30
29
26
27
30
32
33
31
27
26
26
28
29
34
35
38
40
43
45
48
48
54
50
55
56
58
64
69
74
77
82
86
89
97
95
100
109
119
120
124
128
128
134
141
146
151
160
165
173
183
185
192
200
208
215
223
227
234
239
244
253
258
261
267
271
276
281
288
295
301
306
310
317
325
329
334
340
346
351
356
363
364
372
377
378
378
379
382
385
389
392
395
402
400
405
411
415
419
420
424
422
422
422
424
425
425
423
419
419
421
423
423
421
417
